1006689888512298
1009303918103437
1009621704845214
1009694264850933
1010690061436996
1012801984537772
1015490770980788
1019324790518848
1019531237399288
1021408316901785
1023187290056481
1025183259846466
1028631470117096
1159439009664099
1162914672647521
1181503171711998
1195567683634181
1218320853575578
1260842742797875
1267785295128607
1270196644929708
1270919421694490
1271502494756003
1272426611543780
1307909174237314
1308455921444621
1309347797482908
1312851447696641
1315853136720391
1322988692492319
1324059182392395
1325110862282946
1347015070651447
1348093510544643
1352426086788066
1354016949927208
1357082129639343
1369208558669078
1379955640856840
1440439144435557
1490655302556333
1502233078032513
1503127498018660
1506300244521117
1509283053980333
1509723660811227
1521494815651652
1523586532763515
1526560179140516
1528502838950459
1540223314140297
1541114090780445
1553926616306427
1554933442813384
1556324912875319
1564364035318658
1565514135181248
1584320866588635
1601207071615095
1601694000894110
1603215160745244
1625798825194325
1629806631457300
1660267751690104
1670273597582945
1671811164128468
1674798580497123
1680201633127668
1682386909749805
1694526638498121
1700372174647559
1705828073762194
1715322726154255
1720366492432551
1720554988936217
1720792165586785
1739887657455246
1742458380080329
1763789741657033
1779282186384515
1880245832649785
1916532859032826
1938335653554462
1956438188341406
1972488890302404
1982939075736491
1984405792445117
2016931275864932
2029465427651889
2042741956347143
2056763831855576
2061674194418240
2063777224542360
2143162253141939
2158275194742575
2175929766310740
2179656096118806
2180878569135448
2185304055579000
2191402071702890
2207796283385534
2220027735418882
2232051690890513
2317688668967554
2364676293943429
2370694366744051
2377397826410781
2443972532681468
2525288257933822
2571694266585239
2651889251871652
2680463049014483
27571170809153475
2759422667774476
27763920326544969
2919899998355226
3125394737645344
3201483183574221
3523661674448830
36330924969854506
3920030558302128
3920435011595524
4221146091531359
4287119811554901
4295709240743610
4422548411350240
4432699113638409
4795705614049179
751150594721684
764967486626232
800024156379055
829806256870167
830327469913812
830690433100816
840653932449351
848825131620260
851751270852492
859169596739047
863513540148270
871049592710430
882604811159938
893033853805559
941071008977786
942477428814021
959271570444189
960189777052596
961732010060396
963387410066688
966344269523368
967418929242935
967571632946578
969578945683058
971110522363631
975683825285193
976401665186090
980586644823157
985837937522806
990365860570204
992842269911474
992882040086797
