1000192482358784
1000357165784386
1000892459082240
1001586688978298
1001703399211204
1002306968923239
1004154132161586
1004925288670093
1005408028606473
1012192001299610
1012801984537772
1021408316901785
1023094966957348
1023187290056481
1023806976978129
1025183259846466
1031088175936601
1032999059252853
1039964261702065
1159439009664099
1162914672647521
1218320853575578
1219640046770149
1227981292577128
1231937165682015
1238368295046433
1260842742797875
1261690111953722
1263436292234743
1264498688784512
1268004648838087
1270919421694490
1270983715198489
1272409597641796
1272679727943730
1277879731124254
1278024200717284
1280963240408142
1286160403503775
1294953552768925
1295423046096386
1296971231953495
1298637602395868
1299217428502944
1299279412179602
1299842732260392
1303897177736385
1305788721100429
1308293250826550
1308436341398359
1309889731336599
1313688020873917
1313861727509478
1315261493364586
1315610390528605
1320449610225357
1331067938900199
1331465865566756
1333835812009046
1338347311548874
1338665601530814
1339727008011845
1341002024625343
1341376541205692
1341547921175091
1344856197529183
1350452400342391
1351375390168060
1353108060017678
1354319536557789
1358148319702897
1359714762885017
1365819245397090
1366600195363586
1369230195045119
1381189664067994
1387542069872862
1420997880074503
1423478249815696
1423805543126653
1435483718596690
1436399234920270
1439837127915225
1451317539636729
1451671353430345
1453497739397576
1455344832587564
1458598338904030
1459044325509397
1461546512436699
1462447305071109
1463097405268077
1464117248307161
1468554098355153
1474497644161792
1481168347385867
1482528716403353
1483447700147791
1484002339935799
1488559926247110
1488658602746915
1491844269351628
1497558391753436
1498554648598532
1499323614990575
1502091371580549
1502380308236623
1504814224354172
1507072220828073
1508794880964936
1509981547194463
1512629040555813
1518223599717367
1519858729720688
1523027242713526
1526088325833343
1526582985779680
1526650375749461
1526878345475597
1527948802075470
1528136602181728
1530504242089721
1535142971511836
1538571144294300
1546038010436187
1549403550135747
1555343659599303
1561459892270055
1584320866588635
1601694000894110
1612187606557622
1615703343729116
1622588172178302
1625008681908447
1625614782088872
1625798825194325
1626716812148492
1632931487992113
1633950514569000
1634069947828137
1634276717876414
1634713001203580
1636727890930488
1638565004032741
1644968956718575
1647512356470313
1649965256047697
1650799302871252
1652381445974862
1660273955322607
1661742538367682
1663477624946866
1668920971050841
1671811164128468
1673181017262599
1673927490555749
1674727800523495
1675975513451631
1677828296872313
1679047706465638
1680044263195735
1681076706268121
1683959243026950
1688695622134242
1692183028792505
1692512178436355
1693789268706283
1699240827929762
1699869191461549
1700666164422105
1701089074353062
1702125114253320
1705218783836576
1705354023788942
1710181849992294
1728329911488147
1731144918318253
1731875244916286
1737116637460752
1739810054043469
1742532640454862
1746067493026512
1750514052992301
1761931841853756
1774098223567469
1774371350397401
1776125330415808
1780412102930849
1841863680533457
1863381187645320
1874137889964648
1889231938405720
1926300091360153
1933938703991551
1950580198901419
1956795365043001
1958241181475528
1964343234449550
1970468397185095
1974776806463029
1994036307985218
1996291235096782
2030808957821726
2042243990050632
2043977353208672
2050225852539726
2050693275862385
2052328829019178
2053832972218957
2055892498664210
2089576521611209
2102088060368750
2107068533503841
2130269317548421
2131941060921179
2138312746729530
2160956141366071
2168804440545645
2170052253789462
2172143276919007
2176553696511879
2185883358864727
2187335485435817
2189973628488436
2192304651520426
2202084363943844
2207331173364184
2210948663012754
2232051690890513
2232309780639834
2261180301362326
2264274250812355
2269461827160656
2278419683002716
2288521135287995
2293526401055314
2306968799837808
2341343219692930
2387685518379033
2461928600977632
2469994710102957
2506999763068373
2542277012890636
25882090461493760
2645369759190286
26608011495527132
26677900448575861
2670415679998157
26708712922113728
26950045157983838
27062389410060906
27066322223002471
27319524414305949
27431669269751080
27624238273844265
27761175520152002
2790530311284073
2949484045259273
2949623458576500
3136612050060206
3203083366560485
3346225928889753
3366608370165977
3459192197573145
3486600421501469
3523661674448830
3607767542719261
36466674802917725
3683272181812596
36895818233350403
4000737086727117
4257554624506386
4299949753600978
4331934297066718
4385218365029683
4411149202443101
4414703708763836
4452720225045717
4455631948003164
4464751233758639
4483210248618458
4489962791235897
4523620474587053
4538443786475863
4541219449468538
4543106166016517
4656598287998933
4662256220671300
4677075092579685
5556134447944905
737963706045339
766012669834896
811492168503079
812446955026177
814364101745371
828403169952623
830101776485773
835739362489578
839328322553440
843553531646457
849158314800012
857131873555304
862219932984615
864930432622048
873751791684505
877424745369343
907241488442183
913418895073896
917724521315341
925941977140167
940219288839561
946329088258669
951203074404020
951211874458336
954544950886774
954686407341711
956681473797990
957326197133117
958822990292209
959036526969934
964722633118492
965443276215137
965781116414278
966471072929727
967418929242935
968255859445005
971630758595083
971993685722604
975212928462901
976199088148597
976836221724398
978100101601454
978305345181786
978349198487631
978757994966193
979171714521444
980302251637417
980452671587272
981088661168178
981095061033187
981516334707302
985175807435018
986780890500190
986952170609928
987550287471337
987659023842680
989018764058981
992458820158573
992842269911474
992882040086797
993564553375221
997870759511089
998249262696222
998303869551409
999026622563243
