1002523858919101
1007115604994768
1031277119430910
1168519741972828
1213777460734259
1249200367294137
1265112498602213
1285569029603660
1295577742655066
1304930827640000
1307188548234290
1307431290729921
1308275597318776
1316066920475716
1321820823242307
1334618508565781
1338416851516422
1389245473014883
1407053411186041
1452317883341969
1452497216627357
1472379261037057
1474647687730449
1495051495368238
1499832728262493
1507366707840407
1519449926514198
1519993253052122
1531644281691946
1532309055242158
1566718835460461
1576375724042094
1606915600884130
1613872029715012
1630983688019061
1640811040476262
1644842533399361
1662376828284378
1664156547958622
1671995874069322
1680340000078907
1690940302047579
1700430384710408
1706333260361238
1721178389296475
1729770374849541
1769589530676290
1781458526560240
1789766065330509
1793352381634692
1888210885110974
1898113890892128
1906852649972064
1908695443093591
1949617632324117
1949715605678668
1957249268287320
2038970610166024
2051239912455354
2074295093462029
2078216392740498
2078334223081418
2082253205967465
2089850335192636
2151758269557506
2152493262262632
2164552131032487
2169539090512694
2210336443061066
2220276032124660
2225304311630453
2389191254910998
2548523478938206
25627006063641773
26296350260044370
2643031549458709
27904360405834066
2835607609983877
2921813558166857
2922112728180732
2936171560055456
3209703732565022
4086432868320778
4093643220928515
4235413386773154
4297648813878804
4447325295586275
4570173356640395
736357786207635
778691951844405
779017941808368
811543085145765
829943616823793
930919783186924
953817067634152
956292073891297
967758139096013
969535065655350
973271205414719
976814981925609
984591057764568
987728243617910
