1662376828284378
1606915600884130
1308275597318776
1706333260361238
1793352381634692
1334618508565781
1729770374849541
1576375724042094
2922112728180732
1566718835460461
2936171560055456
1640811040476262
2152493262262632
811543085145765
1007115604994768
2169539090512694
1316066920475716
1700430384710408
2151758269557506
1265112498602213
1680340000078907
976814981925609
969535065655350
1307188548234290
2051239912455354
1321820823242307
1908695443093591
2835607609983877
4093643220928515
1407053411186041
2089850335192636
1671995874069322
1002523858919101
4235413386773154
1452317883341969
1507366707840407
1389245473014883
987728243617910
778691951844405
736357786207635
953817067634152
4447325295586275
1532309055242158
1789766065330509
1213777460734259
1664156547958622
4570173356640395
25627006063641773
1338416851516422
1690940302047579
1304930827640000
1769589530676290
1168519741972828
2164552131032487
1472379261037057
1474647687730449
1613872029715012
1949617632324117
26296350260044370
1630983688019061
1644842533399361
829943616823793
1721178389296475
1781458526560240
2210336443061066
2082253205967465
1888210885110974
2078334223081418
4297648813878804
1664643048177567
4086432868320778
2078216392740498
2225304311630453
1519993253052122
1307431290729921
967758139096013
1957249268287320
2220276032124660
1285569029603660
1249200367294137
2643031549458709
1949715605678668
1906852649972064
1495051495368238
1031277119430910
779017941808368
1499832728262493
3209703732565022
2921813558166857
1898113890892128
2038970610166024
2046399032578125
1531644281691946
932472703114618
1519449926514198
984591057764568
2074295093462029
27904360405834066
1452497216627357
2389191254910998
1295577742655066
956292073891297
930919783186924
973271205414719
2548523478938206
